Emlog Testprogramm v.1.17
Test 1 mit Baud 9600 8N1 unidirektional:
Ergebnis: 
1B1B1B1B
01010101
76
  04000001
  6200
  6200
  72
    6500000101
    76
      01
      01
      07000000261ED8
      0B0A01484C5902000338F1
      01
      01
  63E052
  00
76
  04000002
  6200
  6200
  72
    6500000701
    77
      01
      0B0A01484C5902000338F1
      01
      01
      77
        77
          07010060320101
          01
          01
          01
          01
          04484C59
          01
        77
          070100600100FF
          01
          01
          01
          01
          0B0A01484C5902000338F1
          01
        77070100010800FF65001C91046500261ED8621E52FF65001896AC0177070100020800FF65001C91046500261ED8621E52FF65003094040177070100000200000101010109312E30322E3030370177070100605A02010101010105413031410177070100600500FF0101010165001C91040101016353CD00760400000362006200726500000201710163E82300001B1B1B1B1A01B2DB